# Created by Octave 3.8.0, Tue May 08 21:12:10 2018 +06 <rustem@MacBook-Pro-Rustem-2.local>
# name: v
# type: matrix
# rows: 10
# columns: 1
 75.98581785059648
 53.59042179272579
 15.02901602686844
 62.49356948559969
 39.97262593595581
 9.548623932668225
 23.85543416813746
 84.75476720810379
 21.7434794784623
 55.15320607310548


